HTTP/1.1 200 
Date: Fri, 28 Oct 2022 02:30:51 GMT
Server: Apache
Access-Control-Allow-Origin: *
Content-Type: text/plain;charset=UTF-8
Vary: Origin
Transfer-Encoding: chunked

time,latitude[unit="degrees_north"],longitude[unit="degrees_east"],VHM0[unit="m"]
2022-10-01T03:00:00Z,55.3,-7.42,313.0
2022-10-01T06:00:00Z,55.3,-7.42,319.0
2022-10-01T09:00:00Z,55.3,-7.42,334.0
2022-10-01T12:00:00Z,55.3,-7.42,281.0
2022-10-01T15:00:00Z,55.3,-7.42,291.0
2022-10-01T18:00:00Z,55.3,-7.42,321.0
2022-10-01T21:00:00Z,55.3,-7.42,329.0
2022-10-02T00:00:00Z,55.3,-7.42,320.0
2022-10-02T03:00:00Z,55.3,-7.42,304.0
2022-10-02T06:00:00Z,55.3,-7.42,316.0
2022-10-02T09:00:00Z,55.3,-7.42,284.0
2022-10-02T12:00:00Z,55.3,-7.42,267.0
2022-10-02T15:00:00Z,55.3,-7.42,255.0
2022-10-02T18:00:00Z,55.3,-7.42,253.0
2022-10-02T21:00:00Z,55.3,-7.42,240.0
2022-10-03T00:00:00Z,55.3,-7.42,211.0
2022-10-03T03:00:00Z,55.3,-7.42,186.0
2022-10-03T06:00:00Z,55.3,-7.42,164.0
2022-10-03T09:00:00Z,55.3,-7.42,156.0
2022-10-03T12:00:00Z,55.3,-7.42,162.0
2022-10-03T15:00:00Z,55.3,-7.42,149.0
2022-10-03T18:00:00Z,55.3,-7.42,145.0
2022-10-03T21:00:00Z,55.3,-7.42,168.0
2022-10-04T00:00:00Z,55.3,-7.42,175.0
2022-10-04T03:00:00Z,55.3,-7.42,175.0
2022-10-04T06:00:00Z,55.3,-7.42,177.0
2022-10-04T09:00:00Z,55.3,-7.42,166.0
2022-10-04T12:00:00Z,55.3,-7.42,163.0
2022-10-04T15:00:00Z,55.3,-7.42,162.0
2022-10-04T18:00:00Z,55.3,-7.42,186.0
2022-10-04T21:00:00Z,55.3,-7.42,219.0
2022-10-05T00:00:00Z,55.3,-7.42,236.0
2022-10-05T03:00:00Z,55.3,-7.42,233.0
2022-10-05T06:00:00Z,55.3,-7.42,258.0
2022-10-05T09:00:00Z,55.3,-7.42,258.0
2022-10-05T12:00:00Z,55.3,-7.42,238.0
2022-10-05T15:00:00Z,55.3,-7.42,258.0
2022-10-05T18:00:00Z,55.3,-7.42,299.0
2022-10-05T21:00:00Z,55.3,-7.42,315.0
2022-10-06T00:00:00Z,55.3,-7.42,321.0
2022-10-06T03:00:00Z,55.3,-7.42,317.0
2022-10-06T06:00:00Z,55.3,-7.42,304.0
2022-10-06T09:00:00Z,55.3,-7.42,300.0
2022-10-06T12:00:00Z,55.3,-7.42,278.0
2022-10-06T15:00:00Z,55.3,-7.42,287.0
2022-10-06T18:00:00Z,55.3,-7.42,283.0
2022-10-06T21:00:00Z,55.3,-7.42,285.0
2022-10-07T00:00:00Z,55.3,-7.42,308.0
2022-10-07T03:00:00Z,55.3,-7.42,303.0
2022-10-07T06:00:00Z,55.3,-7.42,312.0
2022-10-07T09:00:00Z,55.3,-7.42,328.0
2022-10-07T12:00:00Z,55.3,-7.42,370.0
2022-10-07T15:00:00Z,55.3,-7.42,340.0
2022-10-07T18:00:00Z,55.3,-7.42,316.0
2022-10-07T21:00:00Z,55.3,-7.42,301.0
2022-10-08T00:00:00Z,55.3,-7.42,291.0
2022-10-08T03:00:00Z,55.3,-7.42,280.0
2022-10-08T06:00:00Z,55.3,-7.42,266.0
2022-10-08T09:00:00Z,55.3,-7.42,250.0
2022-10-08T12:00:00Z,55.3,-7.42,230.0
2022-10-08T15:00:00Z,55.3,-7.42,210.0
2022-10-08T18:00:00Z,55.3,-7.42,180.0
2022-10-08T21:00:00Z,55.3,-7.42,163.0
2022-10-09T00:00:00Z,55.3,-7.42,153.0
2022-10-09T03:00:00Z,55.3,-7.42,145.0
2022-10-09T06:00:00Z,55.3,-7.42,161.0
2022-10-09T09:00:00Z,55.3,-7.42,163.0
2022-10-09T12:00:00Z,55.3,-7.42,179.0
2022-10-09T15:00:00Z,55.3,-7.42,196.0
2022-10-09T18:00:00Z,55.3,-7.42,209.0
2022-10-09T21:00:00Z,55.3,-7.42,238.0
2022-10-10T00:00:00Z,55.3,-7.42,275.0
2022-10-10T03:00:00Z,55.3,-7.42,322.0
2022-10-10T06:00:00Z,55.3,-7.42,358.0
2022-10-10T09:00:00Z,55.3,-7.42,372.0
2022-10-10T12:00:00Z,55.3,-7.42,380.0
2022-10-10T15:00:00Z,55.3,-7.42,384.0
2022-10-10T18:00:00Z,55.3,-7.42,374.0
2022-10-10T21:00:00Z,55.3,-7.42,322.0
2022-10-11T00:00:00Z,55.3,-7.42,295.0
2022-10-11T03:00:00Z,55.3,-7.42,267.0
2022-10-11T06:00:00Z,55.3,-7.42,238.0
2022-10-11T09:00:00Z,55.3,-7.42,246.0
2022-10-11T12:00:00Z,55.3,-7.42,201.0
2022-10-11T15:00:00Z,55.3,-7.42,180.0
2022-10-11T18:00:00Z,55.3,-7.42,170.0
2022-10-11T21:00:00Z,55.3,-7.42,177.0
2022-10-12T00:00:00Z,55.3,-7.42,169.0
2022-10-12T03:00:00Z,55.3,-7.42,159.0
2022-10-12T06:00:00Z,55.3,-7.42,165.0
2022-10-12T09:00:00Z,55.3,-7.42,177.0
2022-10-12T12:00:00Z,55.3,-7.42,155.0
2022-10-12T15:00:00Z,55.3,-7.42,150.0
2022-10-12T18:00:00Z,55.3,-7.42,149.0
2022-10-12T21:00:00Z,55.3,-7.42,147.0
2022-10-13T00:00:00Z,55.3,-7.42,140.0
2022-10-13T03:00:00Z,55.3,-7.42,132.0
2022-10-13T06:00:00Z,55.3,-7.42,147.0
2022-10-13T09:00:00Z,55.3,-7.42,133.0
2022-10-13T12:00:00Z,55.3,-7.42,135.0
2022-10-13T15:00:00Z,55.3,-7.42,135.0
2022-10-13T18:00:00Z,55.3,-7.42,134.0
2022-10-13T21:00:00Z,55.3,-7.42,155.0
2022-10-14T00:00:00Z,55.3,-7.42,161.0
2022-10-14T03:00:00Z,55.3,-7.42,163.0
2022-10-14T06:00:00Z,55.3,-7.42,169.0
2022-10-14T09:00:00Z,55.3,-7.42,175.0
2022-10-14T12:00:00Z,55.3,-7.42,178.0
2022-10-14T15:00:00Z,55.3,-7.42,184.0
2022-10-14T18:00:00Z,55.3,-7.42,217.0
2022-10-14T21:00:00Z,55.3,-7.42,260.0
2022-10-15T00:00:00Z,55.3,-7.42,261.0
2022-10-15T03:00:00Z,55.3,-7.42,271.0
2022-10-15T06:00:00Z,55.3,-7.42,255.0
2022-10-15T09:00:00Z,55.3,-7.42,267.0
2022-10-15T12:00:00Z,55.3,-7.42,218.0
2022-10-15T15:00:00Z,55.3,-7.42,201.0
2022-10-15T18:00:00Z,55.3,-7.42,207.0
2022-10-15T21:00:00Z,55.3,-7.42,183.0
2022-10-16T00:00:00Z,55.3,-7.42,195.0
2022-10-16T03:00:00Z,55.3,-7.42,219.0
2022-10-16T06:00:00Z,55.3,-7.42,241.0
2022-10-16T09:00:00Z,55.3,-7.42,235.0
2022-10-16T12:00:00Z,55.3,-7.42,234.0
2022-10-16T15:00:00Z,55.3,-7.42,203.0
2022-10-16T18:00:00Z,55.3,-7.42,170.0
2022-10-16T21:00:00Z,55.3,-7.42,145.0
2022-10-17T00:00:00Z,55.3,-7.42,139.0
2022-10-17T03:00:00Z,55.3,-7.42,173.0
2022-10-17T06:00:00Z,55.3,-7.42,167.0
2022-10-17T09:00:00Z,55.3,-7.42,169.0
2022-10-17T12:00:00Z,55.3,-7.42,194.0
2022-10-17T15:00:00Z,55.3,-7.42,197.0
2022-10-17T18:00:00Z,55.3,-7.42,194.0
2022-10-17T21:00:00Z,55.3,-7.42,186.0
2022-10-18T00:00:00Z,55.3,-7.42,174.0
2022-10-18T03:00:00Z,55.3,-7.42,159.0
2022-10-18T06:00:00Z,55.3,-7.42,139.0
2022-10-18T09:00:00Z,55.3,-7.42,129.0
2022-10-18T12:00:00Z,55.3,-7.42,114.0
2022-10-18T15:00:00Z,55.3,-7.42,104.0
2022-10-18T18:00:00Z,55.3,-7.42,96.0
2022-10-18T21:00:00Z,55.3,-7.42,89.0
2022-10-19T00:00:00Z,55.3,-7.42,92.0
2022-10-19T03:00:00Z,55.3,-7.42,98.0
2022-10-19T06:00:00Z,55.3,-7.42,100.0
2022-10-19T09:00:00Z,55.3,-7.42,120.0
2022-10-19T12:00:00Z,55.3,-7.42,122.0
2022-10-19T15:00:00Z,55.3,-7.42,111.0
2022-10-19T18:00:00Z,55.3,-7.42,104.0
2022-10-19T21:00:00Z,55.3,-7.42,128.0
2022-10-20T00:00:00Z,55.3,-7.42,122.0
2022-10-20T03:00:00Z,55.3,-7.42,133.0
2022-10-20T06:00:00Z,55.3,-7.42,98.0
2022-10-20T09:00:00Z,55.3,-7.42,79.0
2022-10-20T12:00:00Z,55.3,-7.42,73.0
2022-10-20T15:00:00Z,55.3,-7.42,61.0
2022-10-20T18:00:00Z,55.3,-7.42,67.0
2022-10-20T21:00:00Z,55.3,-7.42,57.0
2022-10-21T00:00:00Z,55.3,-7.42,51.0
2022-10-21T03:00:00Z,55.3,-7.42,53.0
2022-10-21T06:00:00Z,55.3,-7.42,60.0
2022-10-21T09:00:00Z,55.3,-7.42,95.0
2022-10-21T12:00:00Z,55.3,-7.42,95.0
2022-10-21T15:00:00Z,55.3,-7.42,81.0
2022-10-21T18:00:00Z,55.3,-7.42,60.0
2022-10-21T21:00:00Z,55.3,-7.42,52.0
2022-10-22T00:00:00Z,55.3,-7.42,51.0
2022-10-22T03:00:00Z,55.3,-7.42,55.0
2022-10-22T06:00:00Z,55.3,-7.42,65.0
2022-10-22T09:00:00Z,55.3,-7.42,78.0
2022-10-22T12:00:00Z,55.3,-7.42,87.0
2022-10-22T15:00:00Z,55.3,-7.42,92.0
2022-10-22T18:00:00Z,55.3,-7.42,93.0
2022-10-22T21:00:00Z,55.3,-7.42,94.0
2022-10-23T00:00:00Z,55.3,-7.42,91.0
2022-10-23T03:00:00Z,55.3,-7.42,102.0
2022-10-23T06:00:00Z,55.3,-7.42,90.0
2022-10-23T09:00:00Z,55.3,-7.42,80.0
2022-10-23T12:00:00Z,55.3,-7.42,82.0
2022-10-23T15:00:00Z,55.3,-7.42,81.0
2022-10-23T18:00:00Z,55.3,-7.42,75.0
2022-10-23T21:00:00Z,55.3,-7.42,65.0
2022-10-24T00:00:00Z,55.3,-7.42,56.0
2022-10-24T03:00:00Z,55.3,-7.42,53.0
2022-10-24T06:00:00Z,55.3,-7.42,52.0
2022-10-24T09:00:00Z,55.3,-7.42,59.0
2022-10-24T12:00:00Z,55.3,-7.42,68.0
2022-10-24T15:00:00Z,55.3,-7.42,82.0
2022-10-24T18:00:00Z,55.3,-7.42,97.0
2022-10-24T21:00:00Z,55.3,-7.42,103.0
2022-10-25T00:00:00Z,55.3,-7.42,102.0
2022-10-25T03:00:00Z,55.3,-7.42,107.0
2022-10-25T06:00:00Z,55.3,-7.42,95.0
2022-10-25T09:00:00Z,55.3,-7.42,88.0
2022-10-25T12:00:00Z,55.3,-7.42,82.0
2022-10-25T15:00:00Z,55.3,-7.42,76.0
2022-10-25T18:00:00Z,55.3,-7.42,71.0
2022-10-25T21:00:00Z,55.3,-7.42,71.0
2022-10-26T00:00:00Z,55.3,-7.42,85.0
2022-10-26T03:00:00Z,55.3,-7.42,86.0
2022-10-26T06:00:00Z,55.3,-7.42,74.0
2022-10-26T09:00:00Z,55.3,-7.42,60.0
2022-10-26T12:00:00Z,55.3,-7.42,88.0
2022-10-26T15:00:00Z,55.3,-7.42,133.0
2022-10-26T18:00:00Z,55.3,-7.42,121.0
2022-10-26T21:00:00Z,55.3,-7.42,128.0
2022-10-27T00:00:00Z,55.3,-7.42,124.0
2022-10-27T03:00:00Z,55.3,-7.42,131.0
2022-10-27T06:00:00Z,55.3,-7.42,121.0
2022-10-27T09:00:00Z,55.3,-7.42,126.0
2022-10-27T12:00:00Z,55.3,-7.42,122.0
2022-10-27T15:00:00Z,55.3,-7.42,116.0
2022-10-27T18:00:00Z,55.3,-7.42,113.0
2022-10-27T21:00:00Z,55.3,-7.42,113.0
2022-10-28T00:00:00Z,55.3,-7.42,108.0
2022-10-28T03:00:00Z,55.3,-7.42,99.0
2022-10-28T06:00:00Z,55.3,-7.42,117.0
2022-10-28T09:00:00Z,55.3,-7.42,139.0
2022-10-28T12:00:00Z,55.3,-7.42,120.0
2022-10-28T15:00:00Z,55.3,-7.42,106.0
2022-10-28T18:00:00Z,55.3,-7.42,100.0
2022-10-28T21:00:00Z,55.3,-7.42,97.0
2022-10-29T00:00:00Z,55.3,-7.42,91.0
2022-10-29T03:00:00Z,55.3,-7.42,82.0
2022-10-29T06:00:00Z,55.3,-7.42,73.0
2022-10-29T09:00:00Z,55.3,-7.42,70.0
2022-10-29T12:00:00Z,55.3,-7.42,74.0
2022-10-29T15:00:00Z,55.3,-7.42,88.0
2022-10-29T18:00:00Z,55.3,-7.42,76.0
2022-10-29T21:00:00Z,55.3,-7.42,64.0
2022-10-30T00:00:00Z,55.3,-7.42,65.0
2022-10-30T03:00:00Z,55.3,-7.42,70.0
2022-10-30T06:00:00Z,55.3,-7.42,73.0
2022-10-30T09:00:00Z,55.3,-7.42,84.0
2022-10-30T12:00:00Z,55.3,-7.42,83.0
2022-10-30T15:00:00Z,55.3,-7.42,87.0
2022-10-30T18:00:00Z,55.3,-7.42,96.0
2022-10-30T21:00:00Z,55.3,-7.42,95.0
2022-10-31T00:00:00Z,55.3,-7.42,91.0
2022-10-31T03:00:00Z,55.3,-7.42,97.0
2022-10-31T06:00:00Z,55.3,-7.42,93.0
2022-10-31T09:00:00Z,55.3,-7.42,86.0
2022-10-31T12:00:00Z,55.3,-7.42,77.0
2022-10-31T15:00:00Z,55.3,-7.42,75.0
2022-10-31T18:00:00Z,55.3,-7.42,88.0
2022-10-31T21:00:00Z,55.3,-7.42,104.0
2022-11-01T00:00:00Z,55.3,-7.42,106.0
2022-11-01T03:00:00Z,55.3,-7.42,108.0
2022-11-01T06:00:00Z,55.3,-7.42,114.0
2022-11-01T09:00:00Z,55.3,-7.42,113.0
2022-11-01T12:00:00Z,55.3,-7.42,110.0
2022-11-01T15:00:00Z,55.3,-7.42,106.0
2022-11-01T18:00:00Z,55.3,-7.42,111.0
2022-11-01T21:00:00Z,55.3,-7.42,118.0
2022-11-02T00:00:00Z,55.3,-7.42,121.0
2022-11-02T03:00:00Z,55.3,-7.42,159.0
2022-11-02T06:00:00Z,55.3,-7.42,285.0
2022-11-02T09:00:00Z,55.3,-7.42,275.0
2022-11-02T12:00:00Z,55.3,-7.42,234.0
2022-11-02T15:00:00Z,55.3,-7.42,198.0
2022-11-02T18:00:00Z,55.3,-7.42,177.0
2022-11-02T21:00:00Z,55.3,-7.42,159.0
2022-11-03T00:00:00Z,55.3,-7.42,145.0
