time,latitude[unit="degrees_north"],longitude[unit="degrees_east"],vertCoord[unit="m"],so[unit="1e-3"]
2022-10-01T12:00:00Z,55.3,-7.42,0.49402499198913574,22789.0
2022-10-02T12:00:00Z,55.3,-7.42,0.49402499198913574,22904.0
2022-10-03T12:00:00Z,55.3,-7.42,0.49402499198913574,22930.0
2022-10-04T12:00:00Z,55.3,-7.42,0.49402499198913574,22909.0
2022-10-05T12:00:00Z,55.3,-7.42,0.49402499198913574,22881.0
2022-10-06T12:00:00Z,55.3,-7.42,0.49402499198913574,22930.0
2022-10-07T12:00:00Z,55.3,-7.42,0.49402499198913574,22912.0
2022-10-08T12:00:00Z,55.3,-7.42,0.49402499198913574,22908.0
2022-10-09T12:00:00Z,55.3,-7.42,0.49402499198913574,22899.0
2022-10-10T12:00:00Z,55.3,-7.42,0.49402499198913574,22897.0
2022-10-11T12:00:00Z,55.3,-7.42,0.49402499198913574,22904.0
2022-10-12T12:00:00Z,55.3,-7.42,0.49402499198913574,22905.0
2022-10-13T12:00:00Z,55.3,-7.42,0.49402499198913574,22907.0
2022-10-14T12:00:00Z,55.3,-7.42,0.49402499198913574,22906.0
2022-10-15T12:00:00Z,55.3,-7.42,0.49402499198913574,22903.0
2022-10-16T12:00:00Z,55.3,-7.42,0.49402499198913574,22902.0
2022-10-17T12:00:00Z,55.3,-7.42,0.49402499198913574,22898.0
2022-10-18T12:00:00Z,55.3,-7.42,0.49402499198913574,22900.0
2022-10-19T12:00:00Z,55.3,-7.42,0.49402499198913574,22902.0
2022-10-20T12:00:00Z,55.3,-7.42,0.49402499198913574,22900.0
2022-10-21T12:00:00Z,55.3,-7.42,0.49402499198913574,22899.0
2022-10-22T12:00:00Z,55.3,-7.42,0.49402499198913574,22856.0
2022-10-23T12:00:00Z,55.3,-7.42,0.49402499198913574,22816.0
2022-10-24T12:00:00Z,55.3,-7.42,0.49402499198913574,22852.0
2022-10-25T12:00:00Z,55.3,-7.42,0.49402499198913574,22871.0
2022-10-26T12:00:00Z,55.3,-7.42,0.49402499198913574,22875.0
2022-10-27T12:00:00Z,55.3,-7.42,0.49402499198913574,22885.0
2022-10-28T12:00:00Z,55.3,-7.42,0.49402499198913574,22803.0
2022-10-29T12:00:00Z,55.3,-7.42,0.49402499198913574,22843.0
2022-10-30T12:00:00Z,55.3,-7.42,0.49402499198913574,22848.0
2022-10-31T12:00:00Z,55.3,-7.42,0.49402499198913574,22838.0
2022-11-01T12:00:00Z,55.3,-7.42,0.49402499198913574,22842.0
2022-11-02T12:00:00Z,55.3,-7.42,0.49402499198913574,22841.0
